image_width: 640
image_height: 480
camera_name: dope_webcam_0
camera_matrix:
  rows: 3
  cols: 3
  #data: [641.5, 0, 320.0, 0, 641.5, 240.0, 0, 0, 1]
  data: [381.36246688113556, 0.0, 320.5, 0.0, 381.36246688113556, 240.5, 0.0, 0.0, 1.0]  
distortion_model: plumb_bob
distortion_coefficients:
  rows: 1
  cols: 5
  data: [0, 0, 0, 0, 0]
rectification_matrix:
  rows: 3
  cols: 3
  data: [1, 0, 0, 0, 1, 0, 0, 0, 1]
projection_matrix:
  rows: 3
  cols: 4
  # data: [641.5, 0, 320.0, 0, 0, 641.5, 240.0, 0, 0, 0, 1, 0]
  data: [381.36246688113556, 0.0, 320.5, -26.69537268167949, 0.0, 381.36246688113556, 240.5, 0.0, 0.0, 0.0, 1.0, 0.0]
